0.240000 0.000000
0.302832 -30.000000
0.554159 -150.000000
0.805487 -30.000000
1.056814 -150.000000
1.308142 -30.000000
1.559469 -150.000000
1.810796 -30.000000
2.062124 -150.000000
2.313451 -30.000000
2.564779 -150.000000
2.816106 -30.000000
3.067433 -150.000000
3.318761 -30.000000
3.570088 -150.000000
3.821416 -30.000000
4.072743 -150.000000
4.324070 -30.000000
4.575398 -150.000000
4.826725 -30.000000
5.078053 -150.000000
5.329380 -30.000000
5.580708 -150.000000
5.832035 -30.000000
6.083362 -150.000000
6.334690 -30.000000
6.586017 -150.000000
6.837345 -30.000000
7.088672 -150.000000
7.339999 -30.000000
7.591327 -150.000000
7.654159 -180.000000
7.894159 -180.000000
8.082654 -270.000000
10.482654 -270.000000
