1.392000 0.000000
1.643327 -90.000000
4.043327 -90.000000
4.294655 -180.000000
4.454655 -180.000000
4.705982 -270.000000
6.145982 -270.000000
6.397310 -180.000000
7.997310 -180.000000
8.499964 -360.000000
9.939964 -360.000000
10.693947 -180.000000
12.133947 -180.000000
12.510938 -360.000000
12.830938 -360.000000
12.956602 -450.000000
15.836602 -450.000000
16.087929 -360.000000
16.247929 -360.000000
16.624920 -270.000000
17.824920 -270.000000
18.201911 -180.000000
19.801911 -180.000000
20.053239 -90.000000
20.133239 -90.000000
20.258902 0.000000
20.338902 0.000000
22.977840 -270.000000
24.457840 -270.000000
24.583504 -330.000000
25.086159 -210.000000
25.588813 -330.000000
25.714477 -270.000000
25.874477 -270.000000
26.188636 -360.000000
27.948636 -360.000000
