0.240000 0.000000
0.616991 -180.000000
0.736991 -180.000000
1.113982 0.000000
1.233982 0.000000
1.610973 -180.000000
1.730973 -180.000000
2.107964 0.000000
2.227964 0.000000
2.604956 -180.000000
2.724956 -180.000000
3.101947 0.000000
3.221947 0.000000
3.598938 -180.000000
3.718938 -180.000000
4.095929 0.000000
4.215929 0.000000
4.592920 -180.000000
4.712920 -180.000000
5.089911 0.000000
5.209911 0.000000
5.586902 -180.000000
5.706902 -180.000000
6.083893 0.000000
6.203893 0.000000
6.580885 -180.000000
6.700885 -180.000000
7.077876 0.000000
7.197876 0.000000
7.574867 -180.000000
7.694867 -180.000000
8.071858 0.000000
8.191858 0.000000
8.568849 -180.000000
8.688849 -180.000000
9.065840 0.000000
9.185840 0.000000
9.562831 -180.000000
9.922831 -180.000000
10.111327 -270.000000
11.311327 -270.000000
